case_id=frozen_marseille_twilight_20220815_191413z_measurement_strict_subset_fixed__batch_0000_0000
direction_index=0
zenith_deg=2.87603600000000004e+00
azimuth_deg=1.07884860000000344e+01
has_first_order=1
has_second_order=1
first_order_I=1.57311090369095090e-07
first_order_Q=1.28686684112404724e-07
first_order_U=-7.71330219903935813e-08
first_order_V=0.00000000000000000e+00
second_total_I=3.00597301417169320e-07
second_total_Q=1.08639581280556834e-07
second_total_U=-2.31060040420393693e-07
second_total_V=0.00000000000000000e+00
second_rr_I=1.82017381960638687e-07
second_rr_Q=6.89637358399361607e-08
second_rr_U=-1.42510751398802668e-07
second_rr_V=0.00000000000000000e+00
second_ar_I=9.80840983367661962e-08
second_ar_Q=3.59987991508112474e-08
second_ar_U=-8.61437841725964801e-08
second_ar_V=0.00000000000000000e+00
second_ra_I=1.51316257514660172e-08
second_ra_Q=3.61876429101951531e-09
second_ra_U=-2.28419370878625921e-09
second_ra_V=0.00000000000000000e+00
second_aa_I=5.36419536829842248e-09
second_aa_Q=5.82819987899175940e-11
second_aa_U=-1.21311140208298403e-10
second_aa_V=0.00000000000000000e+00
higher_completed_samples=0
higher_mean_I=0.00000000000000000e+00
higher_mean_Q=0.00000000000000000e+00
higher_mean_U=0.00000000000000000e+00
higher_mean_V=0.00000000000000000e+00
higher_m2_I=0.00000000000000000e+00
higher_m2_Q=0.00000000000000000e+00
higher_m2_U=0.00000000000000000e+00
higher_m2_V=0.00000000000000000e+00
higher_sample_in_progress=1
higher_in_progress_sample_index=0
higher_completed_bands_in_sample=1
higher_partial_sample_I=0.00000000000000000e+00
higher_partial_sample_Q=0.00000000000000000e+00
higher_partial_sample_U=0.00000000000000000e+00
higher_partial_sample_V=0.00000000000000000e+00
higher_rng_state=3274062558 3982537992 514713467 156647293 3927792887 3983954254 1945548692 1931032953 180701005 2142758254 1108824835 1030221361 2757299047 3312439245 2844521642 2294218225 1984643175 3800884815 3455219510 1897971790 1346746498 501812642 3841981573 992082807 1012954011 786103280 1615135255 987278008 2606223993 3912800691 1157849615 1259287939 1548689579 4035054122 3186719670 4045197819 2642179596 2822419714 3414144627 2852788913 2207770547 3172455289 1122657440 662018894 3098914982 2227091078 2106286388 3650533557 4028085910 2706944354 1649935094 2888405024 1252707503 1323792855 1977347162 3539134703 1805980142 1934703915 2066370715 3295931940 1936385350 3310341783 1300551549 3051466329 1473189563 2407239831 951439677 3502724047 2800841948 4242250923 422780272 2467936232 769414264 2589551030 3301793734 3681455175 1791146664 3141505174 1224829758 3809058219 3412890516 2718899010 2654548012 1339365737 191383708 2952529042 2481601111 2951169120 1402714907 2437801897 3850834919 3153816090 2008120686 3535794627 3344561340 1562484878 3311307063 1787639367 2004795455 1987849097 2071005540 1964456274 2560352737 2198475395 2895270969 3937401363 1882150590 2697104336 1647737189 1804357230 139968293 1235378936 2671162055 3285565807 1933861010 1696137304 149245164 3785562291 3383556492 815559810 3365001888 4148334431 2895132142 1968322471 3147584406 987329181 4256702887 2380451233 1405064643 3896376806 1433078092 952291959 3752851942 3136786833 1940201775 1859784967 2237502539 1971964722 166002012 3085327295 949166161 3825169641 3675818149 49320427 2098513384 3084391764 1191461907 2828383157 912469969 3100513834 796319481 652128384 1175651729 3619244985 276995904 2831001015 3499014827 2271498686 236584240 2051511213 4095450997 1484923440 1993233873 3052725279 3016757591 4210055832 1259001345 322579552 1351169426 4186048212 3878937131 3074262827 800461167 225923050 2163602403 1761815625 3080580101 2957365962 3645162214 3642534626 4061285279 633274160 711332779 743047242 1139733763 1329539175 1126959704 2787596027 912520779 2798743011 3385126676 29134487 2290980682 757495380 1773193569 2646296414 1054085433 126104517 4223151611 969414660 3149805527 3517466057 2631157777 3946239904 1650677617 17304743 2799900225 4246339959 2687402583 1727587808 3702882590 288033058 291003161 1785597489 974995386 605991930 3012684643 941955550 3473118063 2807022042 647504024 1430587057 1497145127 2116639531 538004731 2406735329 1782195436 360634787 4085564167 1260385922 3908583657 3352735996 3094965847 580455289 4189771600 3909000201 3550687788 2061874539 714717699 3348269296 3467948403 2853526469 1556699633 2854239866 3721711608 1859841673 3999056842 2620570093 1387959462 2969432307 3935490520 3618500481 2515622936 167447770 1638296854 2499097695 1531513362 1580731704 3649033576 2845661033 556281979 1556757961 234296876 3888954909 3648648837 388831673 4239763117 2307118113 781195398 2827605569 3143646060 1858819295 3811523736 3232268538 1450057044 265082974 37875488 978363105 412440673 1538844749 3690772158 3084667895 2354804848 406424842 1873711646 992257160 377140050 3421940854 726632254 130600185 1267537804 559178322 3191015077 4275057542 2865170384 435898498 2053788685 2462294955 4238167465 2549787978 2132258779 2231042032 1179592573 3399899604 264444590 1815132034 3052772726 3833663327 2536988454 666747954 2679917037 2202928246 3624738113 224094726 2826968886 1016210410 2473652943 3118039717 1796403659 3019113612 2780214332 725751018 3260942335 606338487 3433289605 1747928619 2903161018 2282061676 2908975263 344586831 2824205166 966809663 2827494530 1105346146 3287671387 4061529483 373180965 2194118152 1620795694 1297046071 3705698183 1546597025 346879296 3813352712 1645932447 1237285485 172056148 1855282097 1163058036 2861882653 3479467254 4002073741 3709234608 2284738359 2418102677 495479640 817401933 2765191197 4140730294 1405513989 3369405417 4046552911 725202265 2298852231 2989363834 3409968660 2938123586 67702744 3640173457 1956825017 3123405468 1546805226 3077541731 1920729981 3694061708 3173309669 3603553515 3080807090 1041522516 1730549491 2494573881 1687545316 3067693457 3117265288 3070604540 3996671501 3141629730 1105917614 3209944660 1680215131 346061557 4149485087 1556576875 1919268896 1358132344 600643121 2179432631 831614679 2423045474 3750160978 4017656674 3249813332 2855902721 1003996885 3093317282 3076160990 3121945881 389996128 4273864766 3621728763 2720328365 2715458337 2366328450 3441159908 3404846295 3203000906 4261363101 3557810067 3246384615 5127962 1376519647 3604858850 422879390 2554141223 2438782947 1769482720 528736984 1912571057 2407526632 3527204454 230482970 216599613 1503195979 3813070875 1985750515 398471931 2380888811 3052297722 999876256 3801330939 2764640614 2632859986 2854406325 1898378617 413876116 1922521459 1559965804 800989397 4228899375 238936326 3655108370 463225179 4079981307 4249579748 135120074 3766619990 2837588521 4071726656 54182158 294768593 2358231461 3520882758 3432477505 1702836209 3711596806 1664959627 43288025 1921735686 612369894 3772383783 1361808822 4237208979 2090742367 3480183953 3814412239 3385472883 2653180512 1820128679 3595298627 3459747015 3047359470 1935349438 1597226782 3403375159 305053332 4256184999 3550070917 3133188454 1473326328 1539796681 248100907 3051005179 1480544637 2822669597 440738201 4257879217 2995889010 2711859828 3840478065 1107900934 1008080927 208432662 2276959364 2588782424 1679372236 1062834399 2111196907 1871732047 762405644 143902538 515314945 709608684 2777465901 3157216344 11202316 2670265644 2609167557 2702145420 3317818388 2237557444 2468271121 1818353386 2017581102 2946796075 2495376733 3665101756 3825593044 3531573780 1151706770 2863337285 1439832615 2406344809 77237528 1950087757 3652909549 1990789796 3615477429 3231215303 1109445805 1707273930 3097649131 3413558808 2021179303 2470384318 1635667770 3307024663 772372755 774571239 1219518548 1694578075 3317256989 4186338744 1433742067 1625149441 2681787984 3419610040 294588771 4052037046 4197573972 1764728686 1939096968 343752198 2521019888 2442642345 2857785476 3446996728 2497658283 1638943077 2878716086 496160581 49716582 536375569 412131665 1419869028 2771455258 3303059005 3959837819 3058508082 3088499968 4136720243 2819299571 870433635 2195503063 2366730740 1272968453 4248328222 3044568584 2972008844 2473450498 3107876284 3329870758 4083849138 840373438 3380081071 696992645 1982118083 3996865453 329727671 2563339745 1386866523 4185161965 1670386521 1031117349 1708137263 972530616 2501395553 2909483466 1739378403 2450567423 2643771924 2384809941 194503094 1765588777 2094866554 2125572999 340924056 2454896330 1777486741 3391733463 4242077284 2684407892 3623944391 1013418491 3765738968 58
higher_robust_group_count=0
timing_first_order_seconds=6.68399930000000003e-02
timing_first_order_view_samples=2525
timing_first_order_steps=101
timing_solar_disk_nodes=7
timing_second_order_seconds=1.40718640000000006e-01
timing_second_order_incoming_single_scatter_seconds=1.39896729999999997e-01
timing_second_order_incoming_single_scatter_calls=72
timing_second_order_nonzero_incoming_calls=1088
timing_second_order_view_samples=150
timing_second_order_mu_phi_evaluations=1800
timing_second_order_view_steps=6
timing_second_order_ray_steps=4
timing_second_order_mu_nodes=3
timing_second_order_phi_nodes=4
timing_higher_order_seconds=4.79639999999999968e-05
timing_spectral_band_count=25
timing_mc_sample_count=1
